1402.81
1 1       0.00       0.00 0 0
1 2       0.00       0.00 0 0
1 3     198.70     182.00 0 60 150 108 11 170 52 38 119 71 100 26 0
1 4     198.15     176.00 0 50 169 129 10 80 131 31 189 57 39 109 0
1 5     197.86     175.00 0 171 174 122 166 20 124 154 15 79 45 0
1 6     197.13     170.00 0 112 186 22 141 91 142 114 156 93 86 2 157 0
1 7     198.87     187.00 0 16 182 49 74 144 116 62 23 183 104 67 159 0
1 8     194.68     188.00 0 192 184 160 115 185 89 137 113 196 66 0
1 9     152.08     194.00 0 6 61 33 193 194 198 53 195 105 96 188 0
1 10     198.30     182.00 0 191 1 136 199 42 68 143 90 41 190 43 197 158 0
1 11     194.54     194.00 0 30 48 59 5 103 88 37 138 36 155 47 120 0
1 12     158.67     194.00 0 127 34 65 167 179 99 27 58 111 87 4 0
1 13     193.15     183.00 0 117 63 107 24 145 73 146 18 147 181 3 0
1 14     194.00     178.00 0 175 46 176 70 128 123 13 83 153 29 98 125 0
1 15     131.05     150.00 0 126 81 168 12 130 40 76 17 95 0
1 16     199.81     189.00 0 149 51 7 35 14 133 177 19 78 178 102 8 0
1 17     198.50     155.00 0 77 165 164 85 134 84 69 180 132 0
1 18     196.77     191.00 0 152 54 139 172 21 173 82 121 140 94 64 28 101 0
1 19     197.04     188.00 0 55 44 106 32 72 118 56 25 110 161 97 187 0
1 20     193.51     110.00 0 9 75 162 163 148 92 135 151 0