1 20 199 1 
200 200
  0  35  35  0  0 0 0
  1  22  22 10 18 1 1 1
  2  36  26 10 26 1 1 1
  3  21  45 10 11 1 1 1
  4  45  35 10 30 1 1 1
  5  55  20 10 21 1 1 1
  6  33  34 10 19 1 1 1
  7  50  50 10 15 1 1 1
  8  55  45 10 16 1 1 1
  9  26  59 10 29 1 1 1
 10  40  66 10 26 1 1 1
 11  55  65 10 37 1 1 1
 12  35  51 10 16 1 1 1
 13  62  35 10 12 1 1 1
 14  62  57 10 31 1 1 1
 15  62  24 10  8 1 1 1
 16  21  36 10 19 1 1 1
 17  33  44 10 20 1 1 1
 18   9  56 10 13 1 1 1
 19  62  48 10 15 1 1 1
 20  66  14 10 22 1 1 1
 21  44  13 10 28 1 1 1
 22  26  13 10 12 1 1 1
 23  11  28 10  6 1 1 1
 24   7  43 10 27 1 1 1
 25  17  64 10 14 1 1 1
 26  41  46 10 18 1 1 1
 27  55  34 10 17 1 1 1
 28  35  16 10 29 1 1 1
 29  52  26 10 13 1 1 1
 30  43  26 10 22 1 1 1
 31  31  76 10 25 1 1 1
 32  22  53 10 28 1 1 1
 33  26  29 10 27 1 1 1
 34  50  40 10 19 1 1 1
 35  55  50 10 10 1 1 1
 36  54  10 10 12 1 1 1
 37  60  15 10 14 1 1 1
 38  47  66 10 24 1 1 1
 39  30  60 10 16 1 1 1
 40  30  50 10 33 1 1 1
 41  12  17 10 15 1 1 1
 42  15  14 10 11 1 1 1
 43  16  19 10 18 1 1 1
 44  21  48 10 17 1 1 1
 45  50  30 10 21 1 1 1
 46  51  42 10 27 1 1 1
 47  50  15 10 19 1 1 1
 48  48  21 10 20 1 1 1
 49  12  38 10  5 1 1 1
 50  37  52 10  7 1 1 1
 51  49  49 10 30 1 1 1
 52  52  64 10 16 1 1 1
 53  20  26 10  9 1 1 1
 54  40  30 10 21 1 1 1
 55  21  47 10 15 1 1 1
 56  17  63 10 19 1 1 1
 57  31  62 10 23 1 1 1
 58  52  33 10 11 1 1 1
 59  51  21 10  5 1 1 1
 60  42  41 10 19 1 1 1
 61  31  32 10 29 1 1 1
 62   5  25 10 23   1 1 1
 63  12  42 10 21  1 1 1
 64  36  16 10 10 1 1 1
 65  52  41 10 15 1 1 1
 66  27  23 10  3 1 1 1
 67  17  33 10 41 1 1 1
 68  13  13 10  9 1 1 1
 69  57  58 10 28 1 1 1
 70  62  42 10  8 1 1 1
 71  42  57 10  8 1 1 1
 72  16  57 10 16 1 1 1
 73   8  52 10 10 1 1 1
 74   7  38 10 28 1 1 1
 75  27  68 10  7 1 1 1
 76  30  48 10 15 1 1 1
 77  43  67 10 14 1 1 1
 78  58  48 10  6 1 1 1
 79  58  27 10 19 1 1 1
 80  37  69 10 11 1 1 1
 81  38  46 10 12 1 1 1
 82  46  10 10 23 1 1 1
 83  61  33 10 26 1 1 1
 84  62  63 10 17 1 1 1
 85  63  69 10  6 1 1 1
 86  32  22 10  9 1 1 1
 87  45  35 10 15 1 1 1
 88  59  15 10 14 1 1 1
 89   5   6 10  7 1 1 1
 90  10  17 10 27 1 1 1
 91  21  10 10 13 1 1 1
 92   5  64 10 11 1 1 1
 93  30  15 10 16 1 1 1
 94  39  10 10 10 1 1 1
 95  32  39 10  5 1 1 1
 96  25  32 10 25 1 1 1
 97  25  55 10 17 1 1 1
 98  48  28 10 18 1 1 1
 99  56  37 10 10 1 1 1
100  41  49 10 10 1 1 1
101  35  17 10  7 1 1 1
102  55  45 10 13 1 1 1
103  55  20 10 19 1 1 1
104  15  30 10 26 1 1 1
105  25  30 10  3 1 1 1
106  20  50 10  5 1 1 1
107  10  43 10  9 1 1 1
108  55  60 10 16 1 1 1
109  30  60 10 16 1 1 1
110  20  65 10 12 1 1 1
111  50  35 10 19 1 1 1
112  30  25 10 23 1 1 1
113  15  10 10 20 1 1 1
114  30   5 10  8 1 1 1
115  10  20 10 19 1 1 1
116   5  30 10  2 1 1 1
117  20  40 10 12 1 1 1
118  15  60 10 17 1 1 1
119  45  65 10  9 1 1 1
120  45  20 10 11 1 1 1
121  45  10 10 18 1 1 1
122  55   5 10 29 1 1 1
123  65  35 10  3 1 1 1
124  65  20 10  6 1 1 1
125  45  30 10 17 1 1 1
126  35  40 10 16 1 1 1
127  41  37 10 16 1 1 1
128  64  42 10  9 1 1 1
129  40  60 10 21 1 1 1
130  31  52 10 27 1 1 1
131  35  69 10 23 1 1 1
132  53  52 10 11 1 1 1
133  65  55 10 14 1 1 1
134  63  65 10  8 1 1 1
135   2  60 10  5 1 1 1
136  20  20 10  8 1 1 1
137   5   5 10 16 1 1 1
138  60  12 10 31 1 1 1
139  40  25 10  9 1 1 1
140  42   7 10  5 1 1 1
141  24  12 10  5 1 1 1
142  23   3 10  7 1 1 1
143  11  14 10 18 1 1 1
144   6  38 10 16 1 1 1
145   2  48 10  1 1 1 1
146   8  56 10 27 1 1 1
147  13  52 10 36 1 1 1
148   6  68 10 30 1 1 1
149  47  47 10 13 1 1 1
150  49  58 10 10 1 1 1
151  27  43 10  9 1 1 1
152  37  31 10 14 1 1 1
153  57  29 10 18 1 1 1
154  63  23 10  2 1 1 1
155  53  12 10  6 1 1 1
156  32  12 10  7 1 1 1
157  36  26 10 18 1 1 1
158  21  24 10 28 1 1 1
159  17  34 10  3 1 1 1
160  12  24 10 13 1 1 1
161  24  58 10 19 1 1 1
162  27  69 10 10 1 1 1
163  15  77 10  9 1 1 1
164  62  77 10 20 1 1 1
165  49  73 10 25 1 1 1
166  67   5 10 25 1 1 1
167  56  39 10 36 1 1 1
168  37  47 10  6 1 1 1
169  37  56 10  5 1 1 1
170  57  68 10 15 1 1 1
171  47  16 10 25 1 1 1
172  44  17 10  9 1 1 1
173  46  13 10  8 1 1 1
174  49  11 10 18 1 1 1
175  49  42 10 13 1 1 1
176  53  43 10 14 1 1 1
177  61  52 10  3 1 1 1
178  57  48 10 23 1 1 1
179  56  37 10  6 1 1 1
180  55  54 10 26 1 1 1
181  15  47 10 16 1 1 1
182  14  37 10 11 1 1 1
183  11  31 10  7 1 1 1
184  16  22 10 41 1 1 1
185   4  18 10 35 1 1 1
186  28  18 10 26 1 1 1
187  26  52 10  9 1 1 1
188  26  35 10 15 1 1 1
189  31  67 10  3 1 1 1
190  15  19 10  1 1 1 1
191  22  22 10  2 1 1 1
192  18  24 10 22 1 1 1
193  26  27 10 27 1 1 1
194  25  24 10 20 1 1 1
195  22  27 10 11 1 1 1
196  25  21 10 12 1 1 1
197  19  21 10 10 1 1 1
198  20  26 10  9 1 1 1
199  18  18 10 17 1 1 1