1 8 120 1 
0 200
  0 10  45 0  0 0 0
  1 25   1 0 25 1 1 1
  2 25   3 0  7 1 1 1
  3 31   5 0 13 1 1 1
  4 32   5 0  6 1 1 1
  5 31   7 0 14 1 1 1
  6 32   9 0  5 1 1 1
  7 34   9 0 11 1 1 1
  8 46   9 0 19 1 1 1
  9 35   7 0  5 1 1 1
 10 34   6 0 15 1 1 1
 11 35   5 0 15 1 1 1
 12 47   6 0 17 1 1 1
 13 40   5 0 13 1 1 1
 14 39   3 0 12 1 1 1
 15 36   3 0 18 1 1 1
 16 73   6 0 13 1 1 1
 17 73   8 0 18 1 1 1
 18 24  36 0 12 1 1 1
 19 76   6 0 17 1 1 1
 20 76  10 0  4 1 1 1
 21 76  13 0  7 1 1 1
 22 78   3 0 12 1 1 1
 23 78   9 0 13 1 1 1
 24 79   3 0  8 1 1 1
 25 79   5 0 16 1 1 1
 26 79  11 0 15 1 1 1
 27 82   3 0  6 1 1 1
 28 82   7 0  5 1 1 1
 29 90  15 0  9 1 1 1
 30 84   3 0 11 1 1 1
 31 84   5 0 10 1 1 1
 32 84   9 0  3 1 1 1
 33 85   1 0  7 1 1 1
 34 87   5 0  2 1 1 1
 35 85   8 0  4 1 1 1
 36 87   7 0  4 1 1 1
 37 86  41 0 18 1 1 1
 38 86  44 0 14 1 1 1
 39 86  46 0 12 1 1 1
 40 85  55 0 17 1 1 1
 41 89  43 0 20 1 1 1
 42 89  46 0 14 1 1 1
 43 89  52 0 16 1 1 1
 44 92  42 0 10 1 1 1
 45 92  52 0  9 1 1 1
 46 94  42 0 11 1 1 1
 47 94  44 0  7 1 1 1
 48 94  48 0 13 1 1 1
 49 96  42 0  5 1 1 1
 50 99  46 0  4 1 1 1
 51 99  50 0 21 1 1 1
 52 83  80 0 13 1 1 1
 53 83  83 0 11 1 1 1
 54 85  81 0 12 1 1 1
 55 85  85 0 14 1 1 1
 56 85  89 0 10 1 1 1
 57 87  80 0  8 1 1 1
 58 87  86 0 16 1 1 1
 59 90  77 0 19 1 1 1
 60 90  88 0  5 1 1 1
 61 93  82 0 17 1 1 1
 62 93  84 0  7 1 1 1
 63 93  89 0 16 1 1 1
 64 94  86 0 14 1 1 1
 65 95  80 0 17 1 1 1
 66 99  89 0 13 1 1 1
 67 37  83 0 17 1 1 1
 68 50  80 0 13 1 1 1
 69 35  85 0 14 1 1 1
 70 35  87 0 16 1 1 1
 71 44  86 0  7 1 1 1
 72 46  89 0 13 1 1 1
 73 46  83 0  9 1 1 1
 74 46  87 0 11 1 1 1
 75 46  89 0 35 1 1 1
 76 48  83 0  5 1 1 1
 77 50  85 0 28 1 1 1
 78 50  88 0  7 1 1 1
 79 54  86 0  3 1 1 1
 80 54  90 0 10 1 1 1
 81 10  35 0  7 1 1 1
 82 10  40 0 12 1 1 1
 83 18  30 0 11 1 1 1
 84 17  35 0 10 1 1 1
 85 16  38 0  8 1 1 1
 86 14  40 0 11 1 1 1
 87 15  42 0 21 1 1 1
 88 11  42 0  4 1 1 1
 89 18  40 0 15 1 1 1
 90 21  39 0 16 1 1 1
 91 20  40 0  4 1 1 1
 92 18  41 0 16 1 1 1
 93 20  44 0  7 1 1 1
 94 22  44 0 10 1 1 1
 95 16  45 0  9 1 1 1
 96 20  45 0 11 1 1 1
 97 25  45 0 17 1 1 1
 98 30  55 0 12 1 1 1
 99 20  50 0 11 1 1 1
100 22  51 0  7 1 1 1
101 18  49 0  9 1 1 1
102 16  48 0 11 1 1 1
103 20  55 0 12 1 1 1
104 18  53 0  7 1 1 1
105 14  50 0  8 1 1 1
106 15  51 0  6 1 1 1
107 16  54 0  5 1 1 1
108 28  33 0 12 1 1 1
109 33  38 0 13 1 1 1
110 30  50 0  7 1 1 1
111 13  40 0  7 1 1 1
112 15  36 0  8 1 1 1
113 18  31 0 11 1 1 1
114 25  37 0 13 1 1 1
115 30  46 0 11 1 1 1
116 25  52 0 10 1 1 1
117 16  33 0  7 1 1 1
118 25  35 0  4 1 1 1
119  5  40 0 20 1 1 1
120  5  50 0 13 1 1 1