1 12 100 1 
0 200
  0  40  50 0  0 0 0
  1  45  68 0 10 1 1 1
  2  45  70 0 30 1 1 1
  3  42  66 0 10 1 1 1
  4  42  68 0 10 1 1 1
  5  42  65 0 10 1 1 1
  6  40  69 0 20 1 1 1
  7  40  66 0 20 1 1 1
  8  38  68 0 20 1 1 1
  9  38  70 0 10 1 1 1
 10  35  66 0 10 1 1 1
 11  35  69 0 10 1 1 1
 12  25  85 0 20 1 1 1
 13  22  75 0 30 1 1 1
 14  22  85 0 10 1 1 1
 15  20  80 0 40 1 1 1
 16  20  85 0 40 1 1 1
 17  18  75 0 20 1 1 1
 18  15  75 0 20 1 1 1
 19  15  80 0 10 1 1 1
 20  30  50 0 10 1 1 1
 21  30  52 0 20 1 1 1
 22  28  52 0 20 1 1 1
 23  28  55 0 10 1 1 1
 24  25  50 0 10 1 1 1
 25  25  52 0 40 1 1 1
 26  25  55 0 10 1 1 1
 27  23  52 0 10 1 1 1
 28  23  55 0 20 1 1 1
 29  20  50 0 10 1 1 1
 30  20  55 0 10 1 1 1
 31  10  35 0 20 1 1 1
 32  10  40 0 30  1 1 1
 33   8  40 0 40 1 1 1
 34   8  45 0 20 1 1 1
 35   5  35 0 10 1 1 1
 36   5  45 0 10 1 1 1
 37   2  40 0 20 1 1 1
 38   0  40 0 30 1 1 1
 39   0  45 0 20 1 1 1
 40  35  30 0 10 1 1 1
 41  35  32 0 10 1 1 1
 42  33  32 0 20 1 1 1
 43  33  35 0 10 1 1 1
 44  32  30 0 10 1 1 1
 45  30  30 0 10 1 1 1
 46  30  32 0 30 1 1 1
 47  30  35 0 10 1 1 1
 48  28  30 0 10 1 1 1
 49  28  35 0 10 1 1 1
 50  26  32 0 10 1 1 1
 51  25  30 0 10 1 1 1
 52  25  35 0 10 1 1 1
 53  44   5 0 20 1 1 1
 54  42  10 0 40 1 1 1
 55  42  15 0 10 1 1 1
 56  40   5 0 30 1 1 1
 57  40  15 0 40 1 1 1
 58  38   5 0 30 1 1 1
 59  38  15 0 10 1 1 1
 60  35   5 0 20 1 1 1
 61  50  30 0 10 1 1 1
 62  50  35 0 20 1 1 1
 63  50  40 0 50 1 1 1
 64  48  30 0 10 1 1 1
 65  48  40 0 10 1 1 1
 66  47  35 0 10 1 1 1
 67  47  40 0 10 1 1 1
 68  45  30 0 10 1 1 1
 69  45  35 0 10 1 1 1
 70  95  30 0 30 1 1 1
 71  95  35 0 20 1 1 1
 72  53  30 0 10 1 1 1
 73  92  30 0 10 1 1 1
 74  53  35 0 50 1 1 1
 75  45  65 0 20 1 1 1
 76  90  35 0 10 1 1 1
 77  88  30 0 10 1 1 1
 78  88  35 0 20 1 1 1
 79  87  30 0 10 1 1 1
 80  85  25 0 10 1 1 1
 81  85  35 0 30 1 1 1
 82  75  55 0 20 1 1 1
 83  72  55 0 10 1 1 1
 84  70  58 0 20 1 1 1
 85  68  60 0 30 1 1 1
 86  66  55 0 10 1 1 1
 87  65  55 0 20 1 1 1
 88  65  60 0 30 1 1 1
 89  63  58 0 10 1 1 1
 90  60  55 0 10 1 1 1
 91  60  60 0 10 1 1 1
 92  67  85 0 20 1 1 1
 93  65  85 0 40 1 1 1
 94  65  82 0 10 1 1 1
 95  62  80 0 30 1 1 1
 96  60  80 0 10 1 1 1
 97  60  85 0 30 1 1 1
 98  58  75 0 20 1 1 1
 99  55  80 0 10 1 1 1
100  55  85 0 20 1 1 1