1 13 120 1 
720 200
  0 10  45  0  0 0 0
  1 25   1 50 25 1 1 1
  2 25   3 50  7 1 1 1
  3 31   5 50 13 1 1 1
  4 32   5 50  6 1 1 1
  5 31   7 50 14 1 1 1
  6 32   9 50  5 1 1 1
  7 34   9 50 11 1 1 1
  8 46   9 50 19 1 1 1
  9 35   7 50  5 1 1 1
 10 34   6 50 15 1 1 1
 11 35   5 50 15 1 1 1
 12 47   6 50 17 1 1 1
 13 40   5 50 13 1 1 1
 14 39   3 50 12 1 1 1
 15 36   3 50 18 1 1 1
 16 73   6 50 13 1 1 1
 17 73   8 50 18 1 1 1
 18 24  36 50 12 1 1 1
 19 76   6 50 17 1 1 1
 20 76  10 50  4 1 1 1
 21 76  13 50  7 1 1 1
 22 78   3 50 12 1 1 1
 23 78   9 50 13 1 1 1
 24 79   3 50  8 1 1 1
 25 79   5 50 16 1 1 1
 26 79  11 50 15 1 1 1
 27 82   3 50  6 1 1 1
 28 82   7 50  5 1 1 1
 29 90  15 50  9 1 1 1
 30 84   3 50 11 1 1 1
 31 84   5 50 10 1 1 1
 32 84   9 50  3 1 1 1
 33 85   1 50  7 1 1 1
 34 87   5 50  2 1 1 1
 35 85   8 50  4 1 1 1
 36 87   7 50  4 1 1 1
 37 86  41 50 18 1 1 1
 38 86  44 50 14 1 1 1
 39 86  46 50 12 1 1 1
 40 85  55 50 17 1 1 1
 41 89  43 50 20 1 1 1
 42 89  46 50 14 1 1 1
 43 89  52 50 16 1 1 1
 44 92  42 50 10 1 1 1
 45 92  52 50  9 1 1 1
 46 94  42 50 11 1 1 1
 47 94  44 50  7 1 1 1
 48 94  48 50 13 1 1 1
 49 96  42 50  5 1 1 1
 50 99  46 50  4 1 1 1
 51 99  50 50 21 1 1 1
 52 83  80 50 13 1 1 1
 53 83  83 50 11 1 1 1
 54 85  81 50 12 1 1 1
 55 85  85 50 14 1 1 1
 56 85  89 50 10 1 1 1
 57 87  80 50  8 1 1 1
 58 87  86 50 16 1 1 1
 59 90  77 50 19 1 1 1
 60 90  88 50  5 1 1 1
 61 93  82 50 17 1 1 1
 62 93  84 50  7 1 1 1
 63 93  89 50 16 1 1 1
 64 94  86 50 14 1 1 1
 65 95  80 50 17 1 1 1
 66 99  89 50 13 1 1 1
 67 37  83 50 17 1 1 1
 68 50  80 50 13 1 1 1
 69 35  85 50 14 1 1 1
 70 35  87 50 16 1 1 1
 71 44  86 50  7 1 1 1
 72 46  89 50 13 1 1 1
 73 46  83 50  9 1 1 1
 74 46  87 50 11 1 1 1
 75 46  89 50 35 1 1 1
 76 48  83 50  5 1 1 1
 77 50  85 50 28 1 1 1
 78 50  88 50  7 1 1 1
 79 54  86 50  3 1 1 1
 80 54  90 50 10 1 1 1
 81 10  35 50  7 1 1 1
 82 10  40 50 12 1 1 1
 83 18  30 50 11 1 1 1
 84 17  35 50 10 1 1 1
 85 16  38 50  8 1 1 1
 86 14  40 50 11 1 1 1
 87 15  42 50 21 1 1 1
 88 11  42 50  4 1 1 1
 89 18  40 50 15 1 1 1
 90 21  39 50 16 1 1 1
 91 20  40 50  4 1 1 1
 92 18  41 50 16 1 1 1
 93 20  44 50  7 1 1 1
 94 22  44 50 10 1 1 1
 95 16  45 50  9 1 1 1
 96 20  45 50 11 1 1 1
 97 25  45 50 17 1 1 1
 98 30  55 50 12 1 1 1
 99 20  50 50 11 1 1 1
100 22  51 50  7 1 1 1
101 18  49 50  9 1 1 1
102 16  48 50 11 1 1 1
103 20  55 50 12 1 1 1
104 18  53 50  7 1 1 1
105 14  50 50  8 1 1 1
106 15  51 50  6 1 1 1
107 16  54 50  5 1 1 1
108 28  33 50 12 1 1 1
109 33  38 50 13 1 1 1
110 30  50 50  7 1 1 1
111 13  40 50  7 1 1 1
112 15  36 50  8 1 1 1
113 18  31 50 11 1 1 1
114 25  37 50 13 1 1 1
115 30  46 50 11 1 1 1
116 25  52 50 10 1 1 1
117 16  33 50  7 1 1 1
118 25  35 50  4 1 1 1
119  5  40 50 20 1 1 1
120  5  50 50 13 1 1 1