1549.94
1 1       0.00       0.00 0 0
1 2       0.00       0.00 0 0
1 3     707.45     138.00 0 119 81 2 1 3 4 5 6 83 113 117 82 0
1 4     686.49     141.00 0 73 71 74 75 72 78 80 79 77 76 68 0
1 5     538.45      86.00 0 102 101 99 100 116 103 104 107 106 105 0
1 6     718.66     144.00 0 95 96 93 94 97 115 110 98 67 69 70 120 0
1 7     718.00     155.00 0 112 84 7 9 10 11 15 14 13 12 8 108 0
1 8     691.15     117.00 0 40 45 48 51 50 49 46 47 44 41 0
1 9     715.54     147.00 0 54 57 61 65 59 43 42 39 38 37 0
1 10     704.63     119.00 0 52 53 55 58 62 64 66 63 60 56 0
1 11     674.64      97.00 0 21 20 23 26 32 35 28 25 19 16 0
1 12     690.96      87.00 0 17 22 24 27 33 30 31 34 36 29 0
1 13     703.97     144.00 0 88 111 86 85 18 118 109 114 90 91 89 92 87 0