866.37
1 1     957.79     150.00 0 67 65 62 74 72 61 64 68 66 69 0
1 2     821.88     200.00 0 57 59 60 58 56 53 54 55 0
1 3     871.56     110.00 0 20 49 52 50 51 48 45 46 47 0
1 4    1028.04     200.00 0 63 80 79 77 73 70 71 76 78 81 0
1 5     949.41     160.00 0 21 22 24 25 27 29 30 28 26 23 0
1 6     996.70     200.00 0 1 99 100 97 93 92 94 95 96 98 0
1 7     906.04     200.00 0 13 17 18 19 15 16 14 12 10 0
1 8     495.47      60.00 0 43 42 44 40 41 0
1 9     976.07     170.00 0 90 87 86 83 82 84 85 88 89 91 0
1 10     907.23     200.00 0 32 33 31 35 37 38 39 36 34 0
1 11     956.17     160.00 0 75 2 4 6 9 11 8 7 3 5 0