835.26
1 1       0.00       0.00 0 0
1 2      86.33     133.00 0 7 11 59 14 35 8 0
1 3      52.93     132.00 0 17 40 9 39 12 26 0
1 4      29.08     126.00 0 67 46 34 4 75 0
1 5      92.69     140.00 0 6 33 63 23 56 24 49 16 0
1 6      74.38     140.00 0 68 2 28 61 21 74 30 0
1 7      89.53     139.00 0 45 29 5 15 57 13 54 19 52 0
1 8      83.08     139.00 0 58 10 38 65 66 53 0
1 9     120.16     138.00 0 3 44 32 50 18 55 25 31 72 0
1 10     100.01     138.00 0 62 22 64 42 41 43 1 73 51 0
1 11     107.07     139.00 0 27 37 20 70 60 71 69 36 47 48 0