826.14
1 1     138.79     199.00 0 18 83 8 46 47 36 49 64 11 19 48 82 7 52 0
1 2      82.73     196.00 0 89 60 5 84 45 17 61 85 93 59 99 96 6 0
1 3      98.25     165.00 0 53 26 4 25 55 54 24 29 68 80 12 28 0
1 4     113.93     199.00 0 27 69 1 70 30 20 66 32 90 63 10 62 88 31 0
1 5     106.06     194.00 0 21 72 75 56 39 67 23 41 22 74 73 40 0
1 6      -0.00       0.00 0 0
1 7     118.79     199.00 0 50 33 81 51 9 71 65 35 34 78 79 3 77 76 0
1 8     126.66     198.00 0 92 98 37 100 91 16 86 38 44 14 42 43 15 57 2 58 0
1 9      40.91     108.00 0 94 95 97 87 13 0
1 10       0.00       0.00 0 0