1028.42
1 1      21.32      64.00 0 12 103 5 0
1 2      77.47     199.00 0 11 100 2 83 131 20 59 3 101 22 51 32 0
1 3      97.05     200.00 0 38 9 104 30 105 75 117 89 39 54 10 49 76 0
1 4     128.71     200.00 0 46 57 23 69 7 61 114 99 43 86 97 24 96 14 68 0
1 5      77.33     199.00 0 139 18 110 133 25 95 58 98 132 6 102 0
1 6      85.46     196.00 0 27 138 48 112 26 113 140 82 31 8 60 81 77 0
1 7      75.76     188.00 0 78 126 16 127 53 21 79 74 34 130 50 118 62 0
1 8     113.82     197.00 0 108 44 107 65 93 88 40 136 13 67 134 55 47 0
1 9      89.82     197.00 0 90 71 123 122 124 125 106 73 33 72 91 45 15 52 37 0
1 10      80.69     197.00 0 56 146 4 149 111 66 41 94 19 64 42 92 137 147 17 0
1 11     123.68     199.00 0 119 1 120 80 70 28 116 121 115 36 85 35 84 128 29 129 0
1 12      57.32     199.00 0 144 109 143 135 141 150 87 148 142 145 63 0