1295.41
1 1      4.47     19.00 0 6 0 
1 2     71.21     194.00 0 125 98 29 103 5 88 37 138 59 48 30 0 
1 3     48.80     189.00 0 60 26 81 168 50 12 130 40 76 17 126 0 
1 4     77.09     199.00 0 51 7 132 180 69 108 11 52 150 100 0 
1 5     78.21     199.00 0 97 161 110 25 56 118 72 32 106 44 55 3 151 0 
1 6     49.74     200.00 0 4 87 111 58 27 99 179 167 46 175 127 0 
1 7     85.78     199.00 0 187 9 39 109 57 189 131 80 10 77 129 71 0 
1 8     79.24     200.00 0 34 65 176 8 102 178 78 19 70 128 123 13 83 45 0 
1 9     42.58     196.00 0 61 33 193 194 1 191 158 53 195 96 0 
1 10     80.88     198.00 0 95 117 63 107 24 145 144 74 49 182 159 67 16 0 
1 11     70.38     197.00 0 54 120 172 21 173 174 82 121 140 94 64 28 101 0 
1 12    126.94     199.00 0 181 147 73 18 146 135 92 148 163 31 162 75 0 
1 13     99.52     200.00 0 153 79 15 154 124 20 166 122 36 155 47 171 139 0 
1 14     69.53     200.00 0 104 23 160 115 90 41 190 43 184 192 198 105 0 
1 15    123.13     200.00 0 169 119 38 165 170 164 85 134 84 14 133 177 35 149 0 
1 16     81.04     199.00 0 152 2 157 86 93 156 114 142 91 141 22 186 196 66 112 0 
1 17    106.88     198.00 0 188 183 116 62 185 89 137 143 68 113 42 199 136 197 0