1 13 75 1 
160 140
 0 40 40 0  0 0 0
 1 22 22 10 18 1 1 1
 2 36 26 10 26 1 1 1
 3 21 45 10 11 1 1 1
 4 45 35 10 30 1 1 1
 5 55 20 10 21 1 1 1
 6 33 34 10 19 1 1 1
 7 50 50 10 15 1 1 1
 8 55 45 10 16 1 1 1
 9 26 59 10 29 1 1 1
10 40 66 10 26 1 1 1
11 55 65 10 37 1 1 1
12 35 51 10 16 1 1 1
13 62 35 10 12 1 1 1
14 62 57 10 31 1 1 1
15 62 24 10  8 1 1 1
16 21 36 10 19 1 1 1
17 33 44 10 20 1 1 1
18  9 56 10 13 1 1 1
19 62 48 10 15 1 1 1
20 66 14 10 22 1 1 1
21 44 13 10 28 1 1 1
22 26 13 10 12 1 1 1
23 11 28 10  6 1 1 1
24  7 43 10 27 1 1 1
25 17 64 10 14 1 1 1
26 41 46 10 18 1 1 1
27 55 34 10 17 1 1 1
28 35 16 10 29 1 1 1
29 52 26 10 13 1 1 1
30 43 26 10 22 1 1 1
31 31 76 10 25 1 1 1
32 22 53 10 28 1 1 1
33 26 29 10 27 1 1 1
34 50 40 10 19 1 1 1
35 55 50 10 10 1 1 1
36 54 10 10 12 1 1 1
37 60 15 10 14 1 1 1
38 47 66 10 24 1 1 1
39 30 60 10 16 1 1 1
40 30 50 10 33 1 1 1
41 12 17 10 15 1 1 1
42 15 14 10 11 1 1 1
43 16 19 10 18 1 1 1
44 21 48 10 17 1 1 1
45 50 30 10 21 1 1 1
46 51 42 10 27 1 1 1
47 50 15 10 19 1 1 1
48 48 21 10 20 1 1 1
49 12 38 10  5 1 1 1
50 15 56 10 22 1 1 1
51 29 39 10 12 1 1 1
52 54 38 10 19 1 1 1
53 55 57 10 22 1 1 1
54 67 41 10 16 1 1 1
55 10 70 10  7 1 1 1
56  6 25 10 26 1 1 1
57 65 27 10 14 1 1 1
58 40 60 10 21 1 1 1
59 70 64 10 24 1 1 1
60 64  4 10 13 1 1 1
61 36  6 10 15 1 1 1
62 30 20 10 18 1 1 1
63 20 30 10 11 1 1 1
64 15  5 10 28 1 1 1
65 50 70 10  9 1 1 1
66 57 72 10 37 1 1 1
67 45 42 10 30 1 1 1
68 38 33 10 10 1 1 1
69 50  4 10  8 1 1 1
70 66  8 10 11 1 1 1
71 59  5 10  3 1 1 1
72 35 60 10  1 1 1 1
73 27 24 10  6 1 1 1
74 40 20 10 10 1 1 1
75 40 37 10 20 1 1 1
