909.68
1 1     153.82     140.00 0 75 48 47 36 37 5 29 45 0
1 2     155.24     115.00 0 33 43 41 56 23 63 51 0
1 3     159.92     112.00 0 62 22 64 42 1 73 6 0
1 4     157.54     135.00 0 27 15 57 13 54 52 34 67 0
1 5      -0.00       0.00 0 0
1 6     144.38     140.00 0 68 2 28 61 21 74 30 0
1 7     158.76      87.00 0 4 20 70 60 71 69 0
1 8       0.00       0.00 0 0
1 9     127.16     129.00 0 53 11 66 65 38 0
1 10     151.36     138.00 0 7 35 14 59 19 8 46 0
1 11     151.69     123.00 0 12 72 39 31 10 58 26 0
1 12     146.84     132.00 0 17 40 44 3 24 49 16 0
1 13     152.97     113.00 0 32 50 18 55 25 9 0