1 10 100 1 
230 200
  0 35 35  0  0 0 0
  1 41 49 10 10 1 1 1
  2 35 17 10  7 1 1 1
  3 55 45 10 13 1 1 1
  4 55 20 10 19 1 1 1
  5 15 30 10 26 1 1 1
  6 25 30 10  3 1 1 1
  7 20 50 10  5 1 1 1
  8 10 43 10  9 1 1 1
  9 55 60 10 16 1 1 1
 10 30 60 10 16 1 1 1
 11 20 65 10 12 1 1 1
 12 50 35 10 19 1 1 1
 13 30 25 10 23 1 1 1
 14 15 10 10 20 1 1 1
 15 30  5 10  8 1 1 1
 16 10 20 10 19 1 1 1
 17  5 30 10  2 1 1 1
 18 20 40 10 12 1 1 1
 19 15 60 10 17 1 1 1
 20 45 65 10  9 1 1 1
 21 45 20 10 11 1 1 1
 22 45 10 10 18 1 1 1
 23 55  5 10 29 1 1 1
 24 65 35 10  3 1 1 1
 25 65 20 10  6 1 1 1
 26 45 30 10 17 1 1 1
 27 35 40 10 16 1 1 1
 28 41 37 10 16 1 1 1
 29 64 42 10  9 1 1 1
 30 40 60 10 21 1 1 1
 31 31 52 10 27 1 1 1
 32 35 69 10 23 1 1 1
 33 53 52 10 11 1 1 1
 34 65 55 10 14 1 1 1
 35 63 65 10  8 1 1 1
 36  2 60 10  5 1 1 1
 37 20 20 10  8 1 1 1
 38  5  5 10 16 1 1 1
 39 60 12 10 31 1 1 1
 40 40 25 10  9 1 1 1
 41 42  7 10  5 1 1 1
 42 24 12 10  5 1 1 1
 43 23  3 10  7 1 1 1
 44 11 14 10 18 1 1 1
 45  6 38 10 16 1 1 1
 46  2 48 10  1 1 1 1
 47  8 56 10 27 1 1 1
 48 13 52 10 36 1 1 1
 49  6 68 10 30 1 1 1
 50 47 47 10 13 1 1 1
 51 49 58 10 10 1 1 1
 52 27 43 10  9 1 1 1
 53 37 31 10 14 1 1 1
 54 57 29 10 18 1 1 1
 55 63 23 10  2 1 1 1
 56 53 12 10  6 1 1 1
 57 32 12 10  7 1 1 1
 58 36 26 10 18 1 1 1
 59 21 24 10 28 1 1 1
 60 17 34 10  3 1 1 1
 61 12 24 10 13 1 1 1
 62 24 58 10 19 1 1 1
 63 27 69 10 10 1 1 1
 64 15 77 10  9 1 1 1
 65 62 77 10 20 1 1 1
 66 49 73 10 25 1 1 1
 67 67  5 10 25 1 1 1
 68 56 39 10 36 1 1 1
 69 37 47 10  6 1 1 1
 70 37 56 10  5 1 1 1
 71 57 68 10 15 1 1 1
 72 47 16 10 25 1 1 1
 73 44 17 10  9 1 1 1
 74 46 13 10  8 1 1 1
 75 49 11 10 18 1 1 1
 76 49 42 10 13 1 1 1
 77 53 43 10 14 1 1 1
 78 61 52 10  3 1 1 1
 79 57 48 10 23 1 1 1
 80 56 37 10  6 1 1 1
 81 55 54 10 26 1 1 1
 82 15 47 10 16 1 1 1
 83 14 37 10 11 1 1 1
 84 11 31 10  7 1 1 1
 85 16 22 10 41 1 1 1
 86  4 18 10 35 1 1 1
 87 28 18 10 26 1 1 1
 88 26 52 10  9 1 1 1
 89 26 35 10 15 1 1 1
 90 31 67 10  3 1 1 1
 91 15 19 10  1 1 1 1
 92 22 22 10  2 1 1 1
 93 18 24 10 22 1 1 1
 94 26 27 10 27 1 1 1
 95 25 24 10 20 1 1 1
 96 22 27 10 11 1 1 1
 97 25 21 10 12 1 1 1
 98 19 21 10 10 1 1 1
 99 20 26 10  9 1 1 1
100 18 18 10 17 1 1 1
