865.94
1 1       0.00       0.00 0 0
1 2     221.40     191.00 0 13 87 42 43 14 44 38 86 16 61 99 0
1 3     213.10     157.00 0 53 40 21 73 72 74 75 22 41 15 57 2 58 0
1 4     197.08     153.00 0 54 55 25 39 67 23 56 4 26 0
1 5     210.26     169.00 0 12 80 68 24 29 34 78 79 3 77 76 28 0
1 6     227.93     163.00 0 50 33 81 9 35 71 65 66 20 51 1 0
1 7     200.12     155.00 0 27 69 70 30 32 90 63 10 62 88 31 0
1 8     227.55     178.00 0 52 7 19 11 64 49 36 47 48 82 18 0
1 9     189.16      93.00 0 6 5 84 17 45 46 8 83 60 89 0
1 10     179.35     199.00 0 94 95 97 92 98 37 100 91 85 93 59 96 0