1 16 150 1 
200 200 
  0  35  35 0  0 0 0 
  1  37  52 10  7 1 1 1
  2  49  49 10 30 1 1 1
  3  52  64 10 16 1 1 1
  4  20  26 10  9 1 1 1
  5  40  30 10 21 1 1 1
  6  21  47 10 15 1 1 1
  7  17  63 10 19 1 1 1
  8  31  62 10 23 1 1 1
  9  52  33 10 11 1 1 1
 10  51  21 10  5 1 1 1
 11  42  41 10 19 1 1 1
 12  31  32 10 29 1 1 1
 13   5  25 10 23 1 1 1
 14  12  42 10 21 1 1 1
 15  36  16 10 10 1 1 1
 16  52  41 10 15 1 1 1
 17  27  23 10  3 1 1 1
 18  17  33 10 41 1 1 1
 19  13  13 10  9 1 1 1
 20  57  58 10 28 1 1 1
 21  62  42 10  8 1 1 1
 22  42  57 10  8 1 1 1
 23  16  57 10 16 1 1 1
 24   8  52 10 10 1 1 1
 25   7  38 10 28 1 1 1
 26  27  68 10  7 1 1 1
 27  30  48 10 15 1 1 1
 28  43  67 10 14 1 1 1
 29  58  48 10  6 1 1 1
 30  58  27 10 19 1 1 1
 31  37  69 10 11 1 1 1
 32  38  46 10 12 1 1 1
 33  46  10 10 23 1 1 1
 34  61  33 10 26 1 1 1
 35  62  63 10 17 1 1 1
 36  63  69 10  6 1 1 1
 37  32  22 10  9 1 1 1
 38  45  35 10 15 1 1 1
 39  59  15 10 14 1 1 1
 40   5   6 10  7 1 1 1
 41  10  17 10 27 1 1 1
 42  21  10 10 13 1 1 1
 43   5  64 10 11 1 1 1
 44  30  15 10 16 1 1 1
 45  39  10 10 10 1 1 1
 46  32  39 10  5 1 1 1
 47  25  32 10 25 1 1 1
 48  25  55 10 17 1 1 1
 49  48  28 10 18 1 1 1
 50  56  37 10 10 1 1 1
 51  41  49 10 10 1 1 1
 52  35  17 10  7 1 1 1
 53  55  45 10 13 1 1 1
 54  55  20 10 19 1 1 1
 55  15  30 10 26 1 1 1
 56  25  30 10  3 1 1 1
 57  20  50 10  5 1 1 1
 58  10  43 10  9 1 1 1
 59  55  60 10 16 1 1 1
 60  30  60 10 16 1 1 1
 61  20  65 10 12 1 1 1
 62  50  35 10 19 1 1 1
 63  30  25 10 23 1 1 1
 64  15  10 10 20 1 1 1
 65  30   5 10  8 1 1 1
 66  10  20 10 19 1 1 1
 67   5  30 10  2 1 1 1
 68  20  40 10 12 1 1 1
 69  15  60 10 17 1 1 1
 70  45  65 10  9 1 1 1
 71  45  20 10 11 1 1 1
 72  45  10 10 18 1 1 1
 73  55   5 10 29 1 1 1
 74  65  35 10  3 1 1 1
 75  65  20 10  6 1 1 1
 76  45  30 10 17 1 1 1
 77  35  40 10 16 1 1 1
 78  41  37 10 16 1 1 1
 79  64  42 10  9 1 1 1
 80  40  60 10 21 1 1 1
 81  31  52 10 27 1 1 1
 82  35  69 10 23 1 1 1
 83  53  52 10 11 1 1 1
 84  65  55 10 14 1 1 1
 85  63  65 10  8 1 1 1
 86   2  60 10  5 1 1 1
 87  20  20 10  8 1 1 1
 88   5   5 10 16 1 1 1
 89  60  12 10 31 1 1 1
 90  40  25 10  9 1 1 1
 91  42   7 10  5 1 1 1
 92  24  12 10  5 1 1 1
 93  23   3 10  7 1 1 1
 94  11  14 10 18 1 1 1
 95   6  38 10 16 1 1 1
 96   2  48 10  1 1 1 1
 97   8  56 10 27 1 1 1
 98  13  52 10 36 1 1 1
 99   6  68 10 30 1 1 1
100  47  47 10 13 1 1 1
101  49  58 10 10 1 1 1
102  27  43 10  9 1 1 1
103  37  31 10 14 1 1 1
104  57  29 10 18 1 1 1
105  63  23 10  2 1 1 1
106  53  12 10  6 1 1 1
107  32  12 10  7 1 1 1
108  36  26 10 18 1 1 1
109  21  24 10 28 1 1 1
110  17  34 10  3 1 1 1
111  12  24 10 13 1 1 1
112  24  58 10 19 1 1 1
113  27  69 10 10 1 1 1
114  15  77 10  9 1 1 1
115  62  77 10 20 1 1 1
116  49  73 10 25 1 1 1
117  67   5 10 25 1 1 1
118  56  39 10 36 1 1 1
119  37  47 10  6 1 1 1
120  37  56 10  5 1 1 1
121  57  68 10 15 1 1 1
122  47  16 10 25 1 1 1
123  44  17 10  9 1 1 1
124  46  13 10  8 1 1 1
125  49  11 10 18 1 1 1
126  49  42 10 13 1 1 1
127  53  43 10 14 1 1 1
128  61  52 10  3 1 1 1
129  57  48 10 23 1 1 1
130  56  37 10  6 1 1 1
131  55  54 10 26 1 1 1
132  15  47 10 16 1 1 1
133  14  37 10 11 1 1 1
134  11  31 10  7 1 1 1
135  16  22 10 41 1 1 1
136   4  18 10 35 1 1 1
137  28  18 10 26 1 1 1
138  26  52 10  9 1 1 1
139  26  35 10 15 1 1 1
140  31  67 10  3 1 1 1
141  15  19 10  1 1 1 1
142  22  22 10  2 1 1 1
143  18  24 10 22 1 1 1
144  26  27 10 27 1 1 1
145  25  24 10 20 1 1 1
146  22  27 10 11 1 1 1
147  25  21 10 12 1 1 1
148  19  21 10 10 1 1 1
149  20  26 10  9 1 1 1
150  18  18 10 17 1 1 1