1162.55
1 1       0.00       0.00 0 0
1 2     190.03     176.00 0 51 22 70 116 59 20 131 83 2 100 0
1 3     192.39     154.00 0 38 62 9 34 74 75 105 30 104 49 76 0
1 4     192.65     135.00 0 26 113 114 99 43 86 97 98 0
1 5     199.24     109.00 0 101 3 121 115 36 85 35 84 128 0
1 6     194.60     169.00 0 77 27 138 48 112 61 7 69 23 57 6 102 0
1 7     196.13     193.00 0 5 10 54 39 89 117 73 106 125 122 0
1 8     132.01     133.00 0 12 144 149 4 146 56 47 139 46 0
1 9     198.80     168.00 0 68 132 24 96 95 25 58 14 133 110 18 0
1 10     199.99     168.00 0 32 119 1 120 80 28 31 82 140 8 60 81 0
1 11     188.33     129.00 0 63 17 147 92 42 93 65 107 44 137 37 0
1 12     199.74     173.00 0 55 134 67 13 136 40 88 64 150 145 0
1 13     184.60     142.00 0 108 52 15 45 91 72 33 124 123 71 90 103 0
1 14     199.64     188.00 0 78 50 130 118 21 79 29 129 53 127 16 126 11 0
1 15     194.40     198.00 0 142 87 148 141 19 94 41 66 111 135 143 109 0